Peak_Amplitude_X,Peak_Amplitude_Y,Peak_Amplitude_Z,RMS_X,RMS_Y,RMS_Z,Peak_Freq_X,Peak_Freq_Y,Peak_Freq_Z,Mean_X,Variance_X,Skewness_X,Kurtosis_X,Mean_Y,Variance_Y,Skewness_Y,Kurtosis_Y,Mean_Z,Variance_Z,Skewness_Z,Kurtosis_Z,Target
1.4975944487115285,2.3617298004464553,0.9133730855913533,0.5982897631115744,0.6083264711563269,0.6034384763881404,19.6,19.6,49.6,7.105427357601002e-19,0.3579506406441039,-0.09155953555463715,0.8457787633742484,1.9539925233402756e-18,0.37006109550950933,0.2969196184226366,2.496673234195483,4.263256414560601e-18,0.36413799478564035,-0.5199405098806641,-0.3727014175969532,0
1.4816481224992997,2.356592688209166,0.9312901918442785,0.6073076559689222,0.6129420642306492,0.6145324850099687,19.8,19.8,49.6,1.7763568394002505e-19,0.36882258899846676,-0.18087572457080742,0.8532798633161103,2.4868995751603506e-18,0.3756979741033293,0.16787441765123776,2.631567250401205,5.329070518200751e-19,0.37765017513252735,-0.49194635896787453,-0.44877209125827466,0
1.4896439801459884,2.3715594493620076,0.926403042272564,0.6041105403541667,0.6057464749016375,0.6145708268011048,20.0,20.0,49.400000000000006,3.552713678800501e-19,0.3649495449670032,-0.15874673902855782,0.8526332275370296,-7.105427357601002e-19,0.36692879185576016,0.23173637390362117,2.704815609762896,-3.907985046680551e-18,0.3776973011549935,-0.5043230583524314,-0.4445331620029429,0
1.4885551597583562,2.3679752937045677,0.9202652867231963,0.6086536356505803,0.6245825539293722,0.6120262131613993,20.0,20.0,49.6,-2.842170943040401e-18,0.37045924819066933,-0.1722763313611757,0.8025422769531851,-3.907985046680551e-18,0.3901033666729371,0.20590979581348692,2.612223146302309,1.9539925233402756e-18,0.37457608559668254,-0.5001181588507811,-0.4442395736312661,0
1.4773222724736677,2.357048489844168,0.9335498128898235,0.6112565105059247,0.6293297662931225,0.6156080642163019,19.8,19.8,49.6,4.973799150320701e-18,0.37363452163587957,-0.1771228549582798,0.7553003201135078,2.2870594307278225e-18,0.39605595474255617,0.19921221751134882,2.3122896949096132,3.1086244689504383e-19,0.3789732887281425,-0.4664997318175176,-0.47852288458267545,0
1.4865212516272885,2.354643568348364,0.9345596467026747,0.6239295409075848,0.6120866856519257,0.6131315864382394,19.8,19.8,49.6,-1.3322676295501879e-18,0.3892880720171495,-0.17704630455430487,0.6587439179970249,8.881784197001253e-19,0.3746501107523593,0.176829506503855,2.450866417802607,1.4210854715202004e-18,0.3759303422882722,-0.4805937429498655,-0.46482131221245426,0
1.4785009832462999,2.360445887184409,0.9446729361161209,0.6187889810336238,0.6225213996434891,0.6195902927935872,20.0,20.0,49.6,2.6645352591003758e-18,0.38289980304863047,-0.23203607237667856,0.7532263573164899,-3.1086244689504384e-18,0.3875328930140886,0.07642443866314734,2.7109796938157222,-1.7763568394002505e-19,0.38389213092404323,-0.452219347486638,-0.5237085606280463,0
1.4845924254191192,2.3597683216041174,0.9331220526867886,0.6136718287592018,0.6162558700655875,0.6143084281047464,19.6,19.8,49.6,3.552713678800501e-19,0.37659311341266305,-0.195440267962953,0.7269603551368826,3.0198066269804256e-18,0.3797712973902942,0.2714721478496042,2.5102380813327425,-2.1316282072803004e-18,0.3773748448405243,-0.4712886434036628,-0.4826838485591738,0
1.4841990792640485,2.3600856544047275,0.9354116790038468,0.6160629559726783,0.6175660134401348,0.6146041763547221,19.6,19.6,49.6,8.881784197001253e-19,0.37953356572179425,-0.17371237154854777,0.6823731730351068,-8.881784197001253e-20,0.3813877809563408,0.1913154410550734,2.5257153478030556,1.0658141036401502e-18,0.37773829359266636,-0.4649356329964066,-0.49069406002253624,0
1.4715598877713607,2.366932865889124,0.9489666586310964,0.6128386840297734,0.6157923756245092,0.6213805374609516,19.8,19.8,49.6,1.4210854715202004e-18,0.3755712526433444,-0.23680973448972378,0.7641860644835821,-5.329070518200751e-19,0.37920024987727663,0.09844327576201453,2.6236731699724887,-7.105427357601002e-19,0.38611377233526106,-0.4350168424875761,-0.5474106110867019,0
1.4746357796022145,2.360312135797001,0.9393313675409245,0.6195658522333866,0.6257306170186219,0.6187689326765919,19.8,19.8,49.6,1.9539925233402756e-18,0.3838618452536826,-0.21805823720626866,0.7110670895898821,1.4210854715202004e-18,0.3915388050745053,0.15524588405325912,2.619490403718282,5.329070518200751e-19,0.38287499204572883,-0.4643165967015616,-0.5065234945948958,0
1.4777933995921266,2.362024156828363,0.9492377613536394,0.618095246492726,0.6170442533440809,0.6182937911332653,19.8,19.6,49.6,-2.4868995751603506e-18,0.3820417337369037,-0.20827427970874066,0.7910205151144583,1.7763568394002505e-18,0.38074361058495426,0.03668649347621329,2.738797878328299,-4.440892098500626e-19,0.3822872121539459,-0.4397855166398072,-0.5228832646148596,0
1.509584506004162,2.324886064305369,0.8644860733849506,0.561074709293177,0.5448327800944155,0.5445989710483559,37.2,19.8,0.8,-5.506706202140776e-18,0.31480482940842314,-0.03578396476527164,1.0738756382103558,-3.1974423109204507e-18,0.29684275826540973,0.3251294201547798,2.174246889176138,1.0658141036401503e-17,0.29658803926692795,-0.551903636550341,-0.07968183277750152,0
1.5127673661746053,2.356502117352955,0.8535940341391576,0.5760421337654793,0.5695513566052404,0.5616559635872997,19.6,19.6,0.8,-7.105427357601002e-19,0.33182453987308635,-0.03678405180954375,1.0380524992051559,-1.865174681370263e-18,0.3243887478108696,0.24021542728219694,2.6665831841450753,-3.641531520770514e-18,0.3154574214331781,-0.6712538649806102,0.07020410200468818,0
1.4914981281991713,2.3540749526491767,0.9240632600635367,0.599321874215038,0.6019065962771968,0.6010424542315909,19.8,19.8,49.400000000000006,6.3504757008558955e-18,0.35918670891262583,-0.165994171308511,0.9071882986393613,-3.1974423109204507e-18,0.3622915506420004,0.17020628263433918,2.629628313743865,-2.753353101070388e-18,0.36125203178873405,-0.49927685413714246,-0.3826324216393586,0
1.4838994878005125,2.3590606885069985,0.9351630397867932,0.6286367296942963,0.6291375622524232,0.6222916648894495,19.8,19.8,49.6,2.1316282072803004e-18,0.3951841379207398,-0.17459948582019894,0.5850857629177151,1.687538997430238e-18,0.3958140722369218,0.23705288378566725,2.3678460713804297,7.105427357601002e-19,0.387246916190883,-0.4869443850311264,-0.5021423110348993,0
1.471165420588009,2.361175097653189,0.9497400001092481,0.622012579695569,0.6253430809146266,0.6215238730498102,19.6,19.6,49.6,-2.842170943040401e-18,0.38689964929953663,-0.22176239553778396,0.7006265168126826,-3.552713678800501e-19,0.39105396884779725,0.15646646669747152,2.5155855440418273,-6.661338147750939e-19,0.3862919247708365,-0.43797798399196874,-0.5525129683818171,0
1.4713074677895575,2.3598363441024084,0.9512539538185127,0.6179276686052233,0.6195905335705865,0.622518657347596,19.6,19.6,49.6,2.842170943040401e-18,0.3818346036278866,-0.21769183813956358,0.731927237503724,-1.7763568394002505e-18,0.38389242929028405,0.11963132634743294,2.73052710611368,1.3322676295501879e-18,0.38752947874585364,-0.44405892219191023,-0.5433031064139349,0
1.4830484899778078,2.3545306425081303,0.9517523842080641,0.6284779065831574,0.6110196553115768,0.6180861339679226,19.6,19.6,49.6,2.1316282072803004e-18,0.3949844790631479,-0.2293568562700082,0.6447451286693204,1.2434497875801753e-18,0.373345019177078,0.077777506944923,2.70070481585081,-3.907985046680551e-18,0.3820304690034127,-0.4331113727336542,-0.5198405656756133,0
1.4710535619477623,2.362553256356946,0.9473590441717223,0.6287742245382553,0.634229848445032,0.6229072192794978,19.6,19.6,49.6,0.0,0.39535702544368423,-0.19390082455334318,0.6361479302599031,-1.9539925233402756e-18,0.40224750065860837,0.2092587856216461,2.394712064086587,1.865174681370263e-18,0.38801340383051636,-0.4430547821234485,-0.549857252613402,0
1.4804412261973403,2.3597667809393883,0.9382377856400813,0.6192441648807396,0.614080810722515,0.6146029110716453,19.6,19.6,49.6,-1.7763568394002505e-19,0.3834633357388446,-0.18094772858824096,0.6629853463836004,7.105427357601002e-19,0.37709524209762124,0.1975612192157428,2.628978972714897,-7.105427357601002e-19,0.37773673829774074,-0.45489577689190486,-0.493685213881764,0
1.476575987250604,2.3613160458788016,0.9508756721020296,0.6200583343950482,0.6222671147166068,0.6237483811527971,19.8,19.8,49.6,-3.552713678800501e-19,0.3844723380527614,-0.2223944586665748,0.7222809172720401,-6.039613253960851e-18,0.38721636205773063,0.15886046754969416,2.6954243920926473,5.329070518200751e-19,0.38906204299073505,-0.4333097124639511,-0.5573822861271025,0
1.478098668472029,2.3567993837256616,0.9479531316243692,0.6107739405527812,0.6107259293971401,0.61455787108516,19.8,19.8,49.6,3.0198066269804256e-18,0.3730448064583723,-0.21179373299470586,0.7817876637308547,7.993605777301127e-19,0.3729861608380005,0.15566704834358938,2.65230990374702,-2.4868995751603506e-18,0.37768137691272413,-0.42571044893835336,-0.5244334193667926,0
1.4750698441819912,2.3576044867338424,0.9545152148091076,0.6263494409931177,0.6169347925213755,0.6212510198816433,19.8,19.8,49.6,-3.0198066269804256e-18,0.39231362223239113,-0.21300828488668402,0.6443113280240493,-9.325873406851314e-19,0.3806085382233927,0.06465873497111964,2.7654235442247845,-2.2648549702353195e-18,0.38595282970398204,-0.41643487417829383,-0.5592479388209166,0
1.4652643406476007,2.3628858805520294,0.9549144381099922,0.6240166276565294,0.6247687081567709,0.6279389088476784,19.8,19.8,49.6,2.6645352591003758e-18,0.38939675159182763,-0.2096495125621226,0.6586753992178052,-1.7763568394002505e-18,0.3903359386918803,0.15837150226111696,2.4247717469317056,-1.376676550535194e-18,0.394307273244813,-0.42198300950070466,-0.5878433033828907,0
1.4799483099542083,2.347293962043448,0.9431381911917389,0.6103560379909387,0.6148721324850003,0.6143990002406537,19.8,19.8,49.6,2.3092638912203255e-18,0.3725344931119962,-0.22532596392453452,0.8191323610107313,2.3092638912203255e-18,0.3780677393066518,0.16305420075493893,2.545080805706089,3.0198066269804256e-18,0.3774861314967149,-0.4454118975672426,-0.501312690540801,0
1.4793895027124493,2.3416016551077816,0.9460216640517307,0.6103898561200986,0.6208879017255566,0.6142855647186911,19.8,19.8,49.400000000000006,-8.881784197001253e-19,0.37257577645431456,-0.21906124605072635,0.802438608671892,-1.7763568394002505e-19,0.38550178650916445,0.16266342581160026,2.6555066743847373,8.881784197001253e-19,0.3773467550217612,-0.4439556887491321,-0.5019526907263128,0
1.487921103523689,2.3479755789165666,0.9335785410640011,0.6070401751306731,0.6125311777021204,0.6099168105374329,19.8,19.8,49.6,-1.3322676295501879e-18,0.3684977742226783,-0.18579425223648283,0.81727000207214,-7.105427357601002e-19,0.3751944436571466,0.15903006741677844,2.5676533878184316,1.7763568394002505e-18,0.3719985157761548,-0.4430192570880005,-0.5127317585469573,0
1.4814202031079646,2.346358912285686,0.9198655275427101,0.6101752199486914,0.6088283770977463,0.6039057071145463,19.8,19.8,49.6,1.2434497875801753e-18,0.3723137990394339,-0.2604057055788089,0.8525561458917825,-2.6645352591003758e-18,0.37067199275947554,0.18063114132694458,2.4490240318502563,5.329070518200751e-19,0.3647021030855201,-0.4866220761054473,-0.4401798457772821,0
1.4801283449381457,2.342778312069303,0.9278465223233111,0.6145586625370527,0.6190163923373594,0.6115307894714913,19.6,19.8,49.6,2.4868995751603506e-18,0.37768234969933107,-0.20288355672765487,0.7681959791975848,-1.7763568394002505e-19,0.38318129398235967,0.1531616682701672,2.4984139006715145,1.5987211554602254e-18,0.37396990647162537,-0.46279893707027586,-0.5058484793092566,0
1.478668047687879,2.343867023383846,0.9212895718237043,0.6077995240221327,0.6110761177010517,0.6105104878095116,19.8,19.6,49.6,1.7763568394002505e-19,0.369420261401531,-0.22905700315341376,0.8662662760150406,2.886579864025407e-18,0.37341402162458964,0.2046776632406596,2.5992167661727485,7.105427357601002e-19,0.3727230557254078,-0.48578197723853617,-0.4890511586341142,0
1.483990760590936,2.3482100535270423,0.9293378101493691,0.6066817431911392,0.6140734901062719,0.6118183422569375,19.6,19.6,49.6,-6.217248937900877e-19,0.36806273752143936,-0.21419752042842718,0.7700964975695328,-3.0198066269804256e-18,0.37708625125129763,0.1450674072358987,2.5609303282832574,1.4210854715202004e-18,0.37432168392202714,-0.4603345159946704,-0.5162912888730999,0
1.4785721560343448,2.3429535527717777,0.9224141752363254,0.6130258545050851,0.6096996641633535,0.6070869023144174,19.6,19.8,49.6,1.0658141036401502e-18,0.3758006982916897,-0.22041393731873002,0.7525340853805775,-2.842170943040401e-18,0.37173368048090605,0.11242755715862722,2.6350300821277646,1.5987211554602254e-18,0.368554506961715,-0.4747878679503279,-0.49724773658484667,0
1.4801867650075886,2.347404484424256,0.9317791609752027,0.6099064290234081,0.6258711089557819,0.6173618580671381,19.8,19.8,49.6,1.4210854715202004e-18,0.37198585216408553,-0.23120274188100665,0.8217783610685707,-1.1546319456101627e-18,0.3917146450255402,0.16364308393742766,2.7010221754336836,1.7763568394002505e-19,0.3811356637961091,-0.4582825358930893,-0.5406243259830581,0
1.4803845091305115,2.35091386508008,0.9303336386821695,0.6165307606077219,0.6218407257124041,0.6104850364271566,19.8,19.8,49.6,7.993605777301127e-19,0.38011017877553616,-0.23898180539812847,0.7675264098451562,3.552713678800501e-19,0.3866858881545294,0.16344841024010762,2.6006857958398175,-1.3322676295501879e-18,0.3726919797014667,-0.4551782503268696,-0.5058473793567231,0
1.4740486153281107,2.3430894016733053,0.9243558437372034,0.6115830763317814,0.6027951226138953,0.614716903126912,19.8,19.8,49.6,-7.105427357601002e-19,0.37403385925544563,-0.23241927062853143,0.7844534019762803,5.773159728050814e-19,0.3633619598471012,0.16944818393470587,2.526670648294906,7.105427357601002e-19,0.3778768709899412,-0.47273264959542316,-0.5062561619886714,0
1.4845123750771612,2.349188133315437,0.9260636609111745,0.6116735202225082,0.6208696891201447,0.6153833068278665,19.8,20.0,49.6,-2.1316282072803004e-18,0.37414449534139516,-0.19592872629514457,0.686763533372643,0.0,0.38547917086814515,0.14846324428783828,2.6703368982146314,2.4868995751603506e-18,0.37869661432240004,-0.47034396785209615,-0.5236564290722527,0
1.4699972605786304,2.3478651176462266,0.9230814780279765,0.6163165060542573,0.6038177296672534,0.6083658186254467,20.0,19.8,49.6,7.283063041541028e-18,0.37984603563492736,-0.2171688621280942,0.7601011534422804,-3.1974423109204507e-18,0.3645958506605163,0.1999519259541206,2.5413893838730504,1.7763568394002505e-19,0.3701089692718099,-0.4735949694015228,-0.4870449096821754,0
1.4852138340084957,2.3448115548167645,0.9269080694106786,0.6085306768784364,0.5992779565206428,0.6157722933949769,19.8,19.8,49.6,-8.881784197001253e-20,0.37030958470212805,-0.2030365316538353,0.77769201096784,-1.1102230246251566e-18,0.35913406917155744,0.18269398868793055,2.5979065356371542,1.5987211554602254e-18,0.37917551731290944,-0.46698512471565157,-0.5259085532713108,0
1.481128640958995,2.344881079563491,0.9251793977369542,0.6090831046227466,0.6096185846953875,0.6080118439539927,19.8,19.8,49.6,-4.7961634663806765e-18,0.37098222833688377,-0.23029818670548216,0.8238039132977129,-1.7763568394002505e-19,0.37163481880600735,0.20604197974530156,2.7156505630400307,4.884981308350689e-19,0.36967840238833427,-0.4657377742279166,-0.494958450496517,0
1.4796827820206888,2.3476140451492653,0.9246845375496755,0.6083447967431472,0.6114017976334528,0.6109878812291175,19.8,19.8,49.6,1.121325254871408e-18,0.37008339172446114,-0.2092172047563536,0.8236113411488044,3.2862601528904635e-18,0.37381215814941754,0.1434959849224964,2.82239680832015,5.329070518200751e-19,0.3733061910088462,-0.4714048284830009,-0.5079719772072062,0
1.4823796188814344,2.347884120704597,0.9312117208723742,0.6139990391163939,0.6092797276364075,0.6137116509908529,19.8,20.0,49.6,8.881784197001253e-19,0.376994820035855,-0.23793441094330312,0.7580404493263706,-3.0198066269804256e-18,0.3712217865086949,0.1404749368270818,2.5612675323957257,-6.661338147750939e-19,0.37664199056191844,-0.4652388035375511,-0.5226334308745413,0
1.47766683485567,2.3430930192636987,0.9179936126296843,0.6115942498675067,0.6179647559912224,0.612416728643416,20.0,20.0,49.6,1.9539925233402756e-18,0.37404752647099815,-0.24513945707239745,0.7783124453218462,1.0658141036401502e-18,0.38188043964729096,0.18869742077160698,2.581529536704955,-3.552713678800501e-19,0.3750542495223034,-0.4891501152136711,-0.4955782960469608,0
1.4809344709792454,2.348120745724692,0.9298797106634749,0.6142567217933643,0.62150857105654,0.6159786046133994,20.0,19.8,49.6,3.1974423109204507e-18,0.3773113202683306,-0.194981582323303,0.730751951058779,-1.0658141036401502e-18,0.3862729038967422,0.17660567781167516,2.6169519310175176,2.1316282072803004e-18,0.3794296413414706,-0.4589107284063828,-0.5342979533695096,0
1.4716539565430709,2.3450366359840835,0.9208414049152396,0.6103212950030776,0.6052353494469369,0.6128716529124038,19.8,19.8,49.6,-5.329070518200751e-19,0.37249208313423376,-0.2409100025308633,0.7943781801078571,8.881784197001253e-20,0.3663098282201558,0.19673189161894902,2.559028765879412,-1.9539925233402756e-18,0.3756116629435819,-0.47596752776865475,-0.5199709681345164,0
1.4803805629796394,2.344648714963222,0.9278906803863602,0.6080138806992665,0.6105072686686307,0.616182882028264,19.8,19.8,49.6,-6.217248937900877e-19,0.369680879122982,-0.21773826931943643,0.8204764552875052,-2.6645352591003758e-18,0.37271912509723165,0.1641879318432559,2.7098256462287447,-1.3322676295501877e-19,0.3796813441046575,-0.46003968895109854,-0.535965236562761,0
1.480031827552119,2.3448905673520626,0.927299229915549,0.6144209411646948,0.6116698694690347,0.6097395434169306,19.8,19.8,49.6,-2.586819647376615e-18,0.37751309294170937,-0.2170889079365473,0.7313456800160809,2.4424906541753442e-18,0.3741400292162659,0.16751239346785915,2.6532009044882763,-2.353672812205332e-18,0.37178231080628704,-0.45812139552017445,-0.5044367673455139,0
1.478535142511123,2.343509894372552,0.9356829438250869,0.6094738286769782,0.604141366858924,0.614300331434379,19.8,20.0,49.6,1.7763568394002505e-18,0.3714583478421745,-0.2068795501086661,0.8367000126230613,7.105427357601002e-19,0.36498679115016897,0.14609570670481775,2.703043650046636,1.3322676295501879e-18,0.3773648972003879,-0.4495343907207561,-0.5274064987555165,0
1.476902896020505,2.34560053856113,0.930997975261961,0.6144213826993075,0.6080601078558677,0.6137260520475916,20.0,20.0,49.6,-2.6645352591003755e-19,0.37751363551812883,-0.24748955515682936,0.790253494892911,7.105427357601002e-19,0.36973709476568944,0.08110361501681501,2.8772414398329786,-7.105427357601002e-19,0.3766596669619231,-0.45627557176627725,-0.5297937726573689,0
1.469622371469733,2.3420875589451424,0.9293466766116492,0.6114324120698893,0.6050902697317384,0.6111287745883647,20.0,19.8,49.6,2.4868995751603506e-18,0.3738495945296029,-0.2497176147779919,0.8148162816295983,-1.3322676295501879e-18,0.3661342345240279,0.11252757724605703,2.6989219695087634,1.1102230246251566e-18,0.37347837912987625,-0.46312085070606657,-0.5089003705745183,0
1.4815729511119473,2.3434651653354983,0.9393111259892323,0.6288964925971312,0.608357617242824,0.6115441310451857,19.8,20.200000000000003,49.6,8.881784197001253e-20,0.3955107984009735,-0.20468488333833207,0.6131137902195318,7.105427357601002e-19,0.3700989904573664,0.24613638138461508,2.611496968076257,1.2434497875801753e-18,0.37398622421581124,-0.42819958652363427,-0.5379970809297863,0
1.4711115887028485,2.3466370559122343,0.9408242530274624,0.6173575806668968,0.6250412921836241,0.6134550498586994,19.8,20.200000000000003,49.6,-2.842170943040401e-18,0.38113038240688407,-0.24109995141492824,0.7815769055547088,-1.9095836023552693e-18,0.39067661693457467,0.1754758390086309,2.565151146220172,-1.0658141036401502e-18,0.3763270981971394,-0.43542283599595594,-0.530232754208988,0
1.45372827253741,2.3462788483680206,0.9383280991552133,0.6058259607705707,0.6050409928682404,0.6168847992639154,20.200000000000003,20.200000000000003,49.6,-1.4210854715202004e-18,0.36702509474358513,-0.23263829833339222,0.7158083711576295,-1.5987211554602254e-18,0.3660746030509861,0.14616615351397666,2.509066282228538,-7.105427357601002e-19,0.3805468555628812,-0.4404522809795442,-0.553565768954905,0
1.439282429727058,2.3484572165685225,0.932369249492779,0.6069511523780379,0.6064517074052984,0.6139210244733565,20.200000000000003,20.200000000000003,49.6,3.552713678800501e-19,0.3683897013730281,-0.27724705056593246,0.7383590660919541,-1.0658141036401502e-18,0.3677836734148016,0.17440753041619392,2.748120219007089,2.4868995751603506e-18,0.3768990242904156,-0.4514240289459944,-0.5317578397413416,0
1.4453895303311373,2.3471748747391907,0.9188200338148019,0.6144497276219224,0.6142271914037917,0.6063759683823092,20.200000000000003,20.400000000000002,49.6,-1.1990408665951691e-18,0.3775484677746546,-0.23464135610921827,0.6371239527169492,-5.151434834260726e-18,0.3772750426597901,0.19942535835435107,2.792194205948314,1.4210854715202004e-18,0.3676918150315832,-0.4755305125061575,-0.49534402714121795,0
1.4438367384777175,2.3374007908219716,0.9243058097743967,0.6045632571183192,0.6065513706180531,0.6130912828375826,20.200000000000003,20.200000000000003,49.6,1.2434497875801753e-18,0.3654967318575109,-0.2511776875956846,0.7615757519657693,2.753353101070388e-18,0.36790456519863884,0.1715081620914589,2.6037817412553297,-8.881784197001253e-20,0.3758809210914327,-0.45322951084539415,-0.5512170814691055,0
1.4392910387574553,2.3388133785438465,0.9266359588785079,0.6146985877523713,0.6063443359353687,0.6115273826932748,20.400000000000002,20.0,49.6,2.1316282072803004e-18,0.3778543537847597,-0.25783960437785336,0.6871994759119051,-5.329070518200751e-19,0.36765345372090324,0.21276882487530957,2.5970882701218194,8.881784197001253e-19,0.37396573978368697,-0.453717524192104,-0.537860130748288,0
1.4516078852911887,2.3388479172845273,0.9336087642412706,0.6026316859911228,0.6138912711297377,0.6111863513517314,20.200000000000003,20.200000000000003,49.6,-1.687538997430238e-18,0.3631649489605033,-0.25512312446312696,0.7684797056316395,-3.552713678800501e-19,0.3768624927692852,0.1673597070124037,2.7388473898740857,0.0,0.3735487560786421,-0.43434136174076043,-0.5438755304890441,0
1.4510086197758063,2.3365751568127076,0.9303007893936547,0.6031808169015364,0.6151192537270831,0.6151407114123038,20.0,20.200000000000003,49.400000000000006,-1.687538997430238e-18,0.36382709787800477,-0.2388404309528373,0.7646880690213198,1.0658141036401502e-18,0.37837169630576356,0.12834243764808081,2.6381840869794217,-7.105427357601002e-19,0.37839809483683523,-0.4482998651268526,-0.5538421201089219,0
1.4462656687340663,2.332542976003809,0.9255199060764278,0.6063934152406771,0.6014906927383459,0.6085341501172609,20.200000000000003,20.200000000000003,49.6,4.263256414560601e-18,0.36771297404725223,-0.24428365722842316,0.7165580946536863,-1.7763568394002505e-18,0.3617910534508552,0.17145189090967705,2.714816545348425,-1.5987211554602254e-18,0.37031381185893697,-0.4579180592546836,-0.5162090825942718,0
1.4404907435975787,2.3438810953986557,0.9266075063030188,0.6086904309946337,0.6081476650805835,0.6059755804609184,20.200000000000003,20.200000000000003,49.6,-1.2434497875801753e-18,0.37050404078443294,-0.2747792515698219,0.6707155064228894,-3.375077994860476e-18,0.3698435825429655,0.12122837499611414,2.7708824074009515,2.575717417130363e-18,0.367206404114947,-0.4537734593678986,-0.49882055357409305,0
1.4501498468376137,2.3331276973929578,0.929643291388778,0.6158963315265732,0.6068130408915606,0.6114832624526287,20.200000000000003,19.8,49.6,-2.4868995751603506e-18,0.3793282911878905,-0.2228164926090276,0.5907364576275294,-3.0198066269804256e-18,0.3682220665960629,0.10783145268758021,2.6293213834409954,-4.996003610813204e-19,0.3739117802597105,-0.4462185207226634,-0.5327416781136827,0
1.4477407263548172,2.338201780503871,0.9355476515829313,0.6110612170894884,0.612717749703324,0.618925840081894,20.200000000000003,20.0,49.6,2.842170943040401e-18,0.37339581103088687,-0.2671748217496053,0.6674155600493754,3.552713678800501e-19,0.37542304080150524,0.09825106244292238,2.7477977349516634,-1.7763568394002505e-18,0.3830691955210782,-0.43816170030072177,-0.5782491449050964,0
1.4531252391631948,2.3461074363890773,0.934502898464417,0.6106472420042516,0.609254585625787,0.6084473671013318,19.8,20.200000000000003,49.6,8.881784197001253e-19,0.372890054167399,-0.2268150735823293,0.6900048745442864,-1.9095836023552693e-18,0.37119115010604953,0.10827340978192765,2.7037074938412555,2.220446049250313e-18,0.37020819853254294,-0.43554264509162577,-0.5329824381628385,0
1.4436169390892952,2.335432256656542,0.940022224849207,0.6048462923119776,0.6177498770536567,0.6174176601167696,20.0,20.200000000000003,49.6,6.661338147750939e-19,0.3658390373235463,-0.2586954388184276,0.7813023521155511,-5.773159728050814e-19,0.381614910599808,0.13926206853837347,2.594111282801503,-4.263256414560601e-18,0.38120456702406685,-0.4349687415204418,-0.5755016322188466,0
1.4464039518558964,2.343209252563063,0.9351260486686844,0.6171438203535957,0.6168643755161998,0.6111098068544456,20.200000000000003,20.0,49.6,3.907985046680551e-18,0.38086649500063124,-0.23569498565343466,0.6555418958012584,-1.3322676295501879e-18,0.3805216577809911,0.14748873971854495,2.801042599001132,-1.7763568394002505e-19,0.37345519603367777,-0.4316864457337015,-0.5561561622395934,0
1.4425057325593167,2.3405564608020932,0.9310605005929959,0.6184687486501523,0.6157488950627966,0.6091651971158016,20.200000000000003,20.8,49.6,-3.730349362740526e-18,0.3825035930568853,-0.24252132112957525,0.6088994513076105,1.7763568394002505e-19,0.379146701771055,0.20680561732444072,2.689334502714358,-7.105427357601002e-19,0.37108223737713353,-0.4453474867126742,-0.5227522630958874,0
1.4436910419927083,2.3393097872988875,0.9360873547205887,0.6166678477733217,0.6116730152121049,0.6123243443876248,20.0,20.400000000000002,49.6,-4.8405723873656825e-18,0.38027923447738066,-0.2906673093405189,0.6754694822200267,-1.4210854715202004e-18,0.37414387753866796,0.10068501996841359,2.669015305905126,2.3092638912203255e-18,0.3749411027297346,-0.42772211397111953,-0.5527602659957198,0
1.4431538473426446,2.343781153055304,0.9311184285813191,0.6281413365401268,0.6087415719327397,0.612955304544359,47.800000000000004,20.6,49.6,-1.7763568394002505e-18,0.3945615386704168,-0.237290637748958,0.5050343672009006,-2.575717417130363e-18,0.3705663013991429,0.1631085273249586,2.8773337418350504,1.4210854715202004e-18,0.3757142053690678,-0.44795368578268446,-0.5332078055707248,0
1.4429730297361767,2.345943156795018,0.9361569483348686,0.6146965348681581,0.6154846059459742,0.6139272431150016,20.400000000000002,20.200000000000003,49.6,1.0658141036401502e-18,0.3778518299789207,-0.2524328690981175,0.635050792346473,3.552713678800501e-19,0.3788213001564711,0.12680693844992025,2.7601960920387922,-1.4210854715202004e-18,0.37690665983878624,-0.43712444720162824,-0.5607092154417588,0
1.4477313551821003,2.337428255069709,0.9378447255873513,0.6116930824922024,0.6246439346231811,0.6131665806231291,20.6,20.200000000000003,49.800000000000004,1.7763568394002505e-18,0.3741684271688123,-0.24881713532527555,0.6797597380629066,-2.6645352591003758e-18,0.3901800450615289,0.16041364345562303,2.5758344387681937,-1.7763568394002505e-19,0.37597325559306033,-0.4309723686218867,-0.560555792040665,0
1.4501727380329157,2.343630282263878,0.9400844272567475,0.611764883341716,0.6190510779029581,0.6121204668617906,20.200000000000003,20.200000000000003,49.6,2.6645352591003755e-19,0.3742562724901033,-0.23414947686016604,0.6857230824825695,-4.440892098500626e-19,0.3832242370528143,0.19114284612562957,2.6548961429852778,-4.440892098500626e-19,0.3746914659510964,-0.4141098822261368,-0.5727279082773928,0
1.4391624752924999,2.3403328487584187,0.935047527757988,0.6192605383304229,0.6139144930518591,0.6125821709695451,20.200000000000003,20.200000000000003,49.6,5.240252676230739e-18,0.3834836143332852,-0.25173184361361484,0.6169020965908785,7.105427357601002e-19,0.3768910047791212,0.13954595999337593,2.5915407409887674,1.5987211554602254e-18,0.3752569161897611,-0.4332708025394276,-0.5583811306029336,0
1.4460243318308426,2.3445925169592186,0.933080021542017,0.6229945482593531,0.6212288269992813,0.6104661287579941,20.200000000000003,20.400000000000002,49.6,-1.7763568394002505e-18,0.3881222071608755,-0.24636302689340248,0.5990725576405174,2.3980817331903383e-18,0.3859252554949029,0.21834939193227074,2.727167772419695,1.2878587085651815e-18,0.3726688943607718,-0.4346415250642803,-0.5560165506736485,0
1.448892457940485,2.3448000877306896,0.9360708560049644,0.6098971146196069,0.6088503664867925,0.6149523417124734,20.200000000000003,20.200000000000003,49.6,1.9539925233402756e-18,0.371974490421322,-0.24833462420383806,0.7085981858563621,1.4210854715202004e-18,0.3706987687711015,0.14139449638623253,2.7613684907163654,8.881784197001253e-19,0.37816638257765456,-0.4419561945892228,-0.5576703039169435,0
1.447561982695546,3.286345328911056,0.9294208473419916,0.612388362405298,0.5524512431483111,0.612352058464272,20.400000000000002,49.800000000000004,49.6,2.842170943040401e-18,0.3750195064094426,-0.23037721938319508,0.6176101721288236,-1.176836406102666e-18,0.3052023760561143,0.18952552615578644,2.732237131274193,4.618527782440651e-18,0.37497504350543115,-0.44969915462707205,-0.5416495020846921,0
1.4409120213664677,2.5455612564511267,0.9372832511394215,0.6097867296197528,0.56481211019268,0.611836443410284,20.200000000000003,49.800000000000004,49.6,-1.7763568394002505e-19,0.3718398556203535,-0.28305574182887244,0.6952533393836782,2.9309887850104133e-18,0.3190127198203081,0.11402375461127147,2.6067127636348966,-2.2648549702353195e-18,0.37434383348494565,-0.4246180520167745,-0.5461900635345196,0
2.205621557743608,4.121112177704302,0.9281275196455385,0.4727385680965781,0.5923656568763462,0.6105373317650654,49.800000000000004,49.800000000000004,49.6,1.2434497875801753e-18,0.22348175376600302,-0.014033067525475583,3.6588144861729885,-2.4868995751603506e-18,0.35089707144654514,0.2879036969509505,3.8024554782678592,1.5099033134902128e-18,0.37275583347880553,-0.44587406991642314,-0.5343238288060657,0
2.2086101298092102,3.160451494140293,0.9323968082606761,0.4593643316101015,0.6073441540013853,0.6150432044066398,49.800000000000004,19.8,49.6,-6.217248937900877e-19,0.21101558915559526,0.029637336506740084,3.4585576450775353,5.3290705182007515e-18,0.3688669213996584,0.012230058319874774,3.185760213559546,2.842170943040401e-18,0.3782781432867877,-0.43777119359908423,-0.5738949797800967,0
2.200661471408675,4.310460601388225,0.9341544191286112,0.4513399834611644,0.6247507744543704,0.6127257514004852,49.800000000000004,49.800000000000004,49.6,3.552713678800501e-18,0.20370778067072415,-0.0016355999125022976,3.067080294949082,7.105427357601002e-19,0.3903135301813356,0.3760473162668075,5.395176250813597,-6.661338147750939e-19,0.3754328464292892,-0.4358580650776102,-0.5620041588751614,0
2.20570804444821,4.146013919124883,0.9217621327995059,0.5481719096638535,0.6345160147133567,0.6185439372741494,49.800000000000004,49.800000000000004,49.6,-1.176836406102666e-18,0.30049244254451596,0.0007362836109744833,2.262561848287982,-3.8191672047105385e-18,0.4026105729277207,0.25688197615627856,5.027666852745186,2.3092638912203255e-18,0.3825966023386068,-0.46307776950184604,-0.5605549132117464,0
2.208866613780003,4.2673622981367485,1.3541819482031308,0.5133686693454945,0.6226532605573695,0.5557335029917522,49.800000000000004,49.800000000000004,3.6,9.769962616701378e-19,0.2635473906655637,-0.0013216693809087825,2.6620301796494257,-8.171241461241152e-18,0.3876970828827235,0.19678855870427364,5.820394807934953,3.552713678800501e-19,0.3088397263474838,-0.6481025567094507,2.7083668618472663,0
2.208051328684015,4.325927152817548,1.350802467373937,0.4791861966960177,0.6048704479470333,0.5274918165003666,49.800000000000004,49.800000000000004,49.800000000000004,-3.552713678800501e-19,0.22961941110399456,-0.049081213207426984,3.2088087495237687,2.9309887850104133e-18,0.36586825879964474,0.18149358546696717,5.154216354115102,-1.7763568394002505e-19,0.27824761647485646,-0.6143128814522378,2.917058579471072,0
2.2082936284492325,3.779745019866368,1.346116361465725,0.5075452067030781,0.6118468611092416,0.5266435008469619,49.800000000000004,49.800000000000004,49.800000000000004,5.995204332975846e-19,0.25760213684727035,-0.006757872430336561,2.9101396429092388,-2.1316282072803004e-18,0.3743565814492315,0.12637295557881092,4.648096970952947,-1.5987211554602254e-18,0.277353376984344,-0.5895189600348901,2.55678964351464,0
2.200596666544978,4.203308943736301,1.3549880165680774,0.4807126880847106,0.616124953570376,0.5768142996147968,49.800000000000004,49.800000000000004,49.800000000000004,1.820765760385257e-18,0.2310846884856283,-0.0808300938862277,2.726980074237387,-6.9277916736609765e-18,0.379609958412098,0.11222266355416005,5.2110001860535125,-3.1974423109204507e-18,0.3327147362401086,-0.692355120375432,2.3623091889955283,0
2.203121628216673,4.290703309766224,1.346275557856008,0.48906313452046063,0.6149151644213163,0.5637733789599654,49.800000000000004,49.800000000000004,49.800000000000004,-1.0658141036401502e-18,0.23918274954697819,-0.09237059478917024,3.074297654573404,-6.3948846218409015e-18,0.37812065943529444,-0.05393517141392105,5.669342939524915,-6.128431095930864e-18,0.31784042282393676,-0.677460146432052,2.5942203777160753,0
2.195256162383751,3.1644675865543417,1.3462555465126194,0.4850847631718083,0.5915768073029579,0.5585366267162057,49.800000000000004,49.800000000000004,49.800000000000004,-6.039613253960851e-18,0.2353072274614494,-0.049589065210382956,3.2279658125529593,1.9539925233402756e-18,0.349963118938761,-0.11156445123183896,3.3903579433785422,-4.4408920985006264e-20,0.31196316338351815,-0.6479142374128007,2.5938380914226684,0
2.1902787430454467,4.273374461606485,1.3516564297480647,0.46246174629708,0.6482382251569196,0.543544259599016,49.800000000000004,49.800000000000004,49.800000000000004,7.105427357601002e-19,0.2138708667881448,-0.10393425120030864,3.381594598425755,5.506706202140776e-18,0.4202127965545932,0.053388167575750003,4.53197157472552,-2.6645352591003758e-18,0.2954403621430424,-0.7224634873382738,3.0280248495805386,0
2.1630422572306727,3.754789867432457,1.3494268748583493,0.4826615752562919,0.5842119704123305,0.5397039756072244,49.800000000000004,49.800000000000004,49.800000000000004,-1.6431300764452318e-18,0.23296219622888512,-0.10308711322413906,2.8197277093852797,1.4210854715202004e-18,0.3413036263730577,0.27552059824197633,3.5203398077245778,5.329070518200751e-19,0.2912803812862434,-0.5916171359491434,2.714540187297324,0
2.1935949780620816,3.0432906835905884,1.3526607303421678,0.4975545839917371,0.6233886684229426,0.5415325486006634,49.800000000000004,49.800000000000004,49.800000000000004,1.7985612998927535e-18,0.24756056405119053,-0.10750921411335705,2.873872724591097,0.0,0.3886134319181294,-0.09983538805823412,3.0108476726608426,3.907985046680551e-18,0.29325750119392985,-0.6009990729996462,2.7178794816292475,0
2.1815328177767404,4.296849973111843,1.3498709555728143,0.4961256279921033,0.6619928090112898,0.5473618247016451,49.800000000000004,20.0,49.800000000000004,-1.3322676295501879e-18,0.24614063875055886,-0.07442890154965356,3.1810651426509065,-5.684341886080802e-18,0.4382344791826579,0.1026223549607667,3.830404888510583,-1.2434497875801753e-18,0.29960496714071444,-0.6570757655336524,2.9830423558429704,0
2.2064938651959127,4.2600886075650894,1.3518925790569727,0.5741489187861065,0.6495205286142492,0.5710234782042979,49.800000000000004,49.800000000000004,49.800000000000004,-2.575717417130363e-18,0.3296469809432551,-0.04867937741136874,2.1731977425934126,-2.4868995751603506e-18,0.4218769170913338,0.05907040306785633,3.570396337060158,1.5099033134902128e-18,0.3260678126605343,-0.5921989938481904,2.1694656934265746,0
2.2102279020400073,4.141813076126041,1.3580067354616638,0.773845252113646,0.6880898775122797,0.5559901052499356,49.800000000000004,20.0,3.6,7.105427357601002e-19,0.5988364742188323,-0.03289331399617654,0.9199762920895886,3.552713678800501e-19,0.4734676795348641,0.016536493525236038,4.343438987195584,-8.881784197001253e-19,0.30912499713583447,-0.44654888692476896,1.8093832498799225,0
2.214477959909636,3.421607591588195,1.3508503804172376,0.8333810031582061,0.6254194784375697,0.5662089646742057,49.800000000000004,20.0,3.6,5.7953641885433175e-18,0.6945238964249778,-0.037900082620580984,0.6236846635978486,7.682743330406083e-18,0.39114952400912173,0.010871764409484385,3.3180924425552565,-1.021405182655144e-18,0.32059259167743587,-0.6144754112707774,1.9758794282235206,0
2.2212709102657073,3.76574121069481,1.354426633103856,0.8553651112459593,0.65075544694154,0.5343969617471365,49.800000000000004,49.800000000000004,3.6,2.9753977059954196e-18,0.7316494735368122,-0.03421117275325388,0.4452633015138674,5.417888360170764e-18,0.4234826517240834,0.08906566223142559,3.695710491148322,-6.217248937900877e-19,0.2855801127245704,-0.606781402527104,2.6047511657575404,0
2.2242798805242225,3.6367360863331255,1.3826072697475866,0.8331394791385122,0.6552386132971986,0.5991546091537897,49.800000000000004,49.800000000000004,3.8000000000000003,-2.4868995751603506e-18,0.6941213916991913,-0.03597264474498085,0.5325363586042116,-8.881784197001253e-18,0.4293376403556357,0.1497375337002663,3.744340764336995,-1.2434497875801753e-18,0.3589862456702305,-0.4782359015785001,1.8644812361056369,0
2.213957089698669,4.139472048761182,1.4407210494023477,0.8234751265609973,0.6161089029792787,0.6961717503591875,49.800000000000004,49.800000000000004,49.800000000000004,-3.0198066269804256e-18,0.6781112840646505,-0.021919194321589338,0.6249152340453739,1.865174681370263e-18,0.37959018033033026,0.22024256395242311,3.564275340207981,-1.3677947663381929e-17,0.4846551059981749,-0.5376231448834596,1.4736668850700188,0
2.2149416504941435,4.147662634037145,1.4742205756930877,0.79482306565188,0.6659703403045591,0.7488943717687878,49.800000000000004,20.0,30.400000000000002,0.0,0.6317437056922528,-0.04973827517573535,0.8893746679106562,1.7763568394002505e-19,0.44351649416537037,0.09156949258639216,3.8543282411408137,-5.3290705182007515e-18,0.5608427800669674,-0.6518092689629542,1.6323115450356687,0
2.2171786091453827,4.309102155615334,1.4942612343891561,0.7621249444849294,0.6657866833644379,0.7607057571857622,49.800000000000004,49.800000000000004,30.400000000000002,3.0198066269804256e-18,0.5808344310061567,-0.030327486813725293,0.7742274066930386,3.1974423109204507e-18,0.4432719077454183,0.12449486591596531,4.606338141175666,-2.1316282072803004e-18,0.5786732490155637,-0.6314893421254689,1.5050641472677837,0
2.22124596417363,4.325289926879849,1.4817060901840868,0.8400174687102696,0.4154947152934382,0.7460435958065825,49.800000000000004,19.8,30.400000000000002,8.881784197001253e-20,0.7056293477384088,-0.022786328351128943,0.49787276860673435,7.416289804496045e-18,0.17263585843677523,-0.10200067275009098,27.20024895203773,3.552713678800501e-18,0.5565810468440155,-0.5987891127595195,1.407707121449734,0
2.225360555484589,9.258174974361605,1.4830449935578287,0.8225890310173883,1.2173579359986264,0.7587655783889223,49.800000000000004,5.4,49.800000000000004,-5.595524044110789e-18,0.6766527139501258,-0.028960566070266907,0.538849903558491,7.105427357601002e-18,1.4819603443388358,0.04266844214420813,4.388390333198,4.218847493575595e-18,0.5757252029478758,-0.6963768447906721,1.7637493349722115,0
2.200314925740795,2.952099233886656,1.4590386202109016,0.2827203927325489,0.3717451064424907,0.7257531312779866,37.4,5.800000000000001,0.4,-5.329070518200751e-19,0.07993082046684669,-0.4347102791279302,21.12600316622558,7.01660951563099e-18,0.13819442416393876,0.20545352358999203,3.827098748152827,-4.618527782440651e-18,0.5267176075598023,-0.693344708359744,1.9248328518655722,0
5.240039977661126,1.7398980493742198,1.4536066064554232,1.0242540808094591,0.23506398581203297,0.704094960062728,3.0,5.6000000000000005,4.0,8.526512829121201e-18,1.0490964220548302,0.1322994362252763,2.8122187227475814,-3.552713678800501e-18,0.055255077425839634,0.082230455729568,4.07379892739144,-2.1316282072803004e-18,0.4957497127857345,-0.6211324187544561,1.7803749701143294,0
2.2086101298092102,2.5455612564511267,1.350802467373937,0.4593643316101015,0.56481211019268,0.5274918165003666,49.800000000000004,49.800000000000004,49.800000000000004,-6.217248937900877e-19,0.21101558915559526,0.029637336506740084,3.4585576450775353,2.9309887850104133e-18,0.3190127198203081,0.11402375461127147,2.6067127636348966,-1.7763568394002505e-19,0.27824761647485646,-0.6143128814522378,2.917058579471072,0
2.200661471408675,4.121112177704302,1.346116361465725,0.4513399834611644,0.5923656568763462,0.5266435008469619,49.800000000000004,49.800000000000004,49.800000000000004,3.552713678800501e-18,0.20370778067072415,-0.0016355999125022976,3.067080294949082,-2.4868995751603506e-18,0.35089707144654514,0.2879036969509505,3.8024554782678592,-1.5987211554602254e-18,0.277353376984344,-0.5895189600348901,2.55678964351464,0
2.20570804444821,3.160451494140293,1.3549880165680774,0.5481719096638535,0.6073441540013853,0.5768142996147968,49.800000000000004,19.8,49.800000000000004,-1.176836406102666e-18,0.30049244254451596,0.0007362836109744833,2.262561848287982,5.3290705182007515e-18,0.3688669213996584,0.012230058319874774,3.185760213559546,-3.1974423109204507e-18,0.3327147362401086,-0.692355120375432,2.3623091889955283,0
2.208866613780003,4.310460601388225,1.346275557856008,0.5133686693454945,0.6247507744543704,0.5637733789599654,49.800000000000004,49.800000000000004,49.800000000000004,9.769962616701378e-19,0.2635473906655637,-0.0013216693809087825,2.6620301796494257,7.105427357601002e-19,0.3903135301813356,0.3760473162668075,5.395176250813597,-6.128431095930864e-18,0.31784042282393676,-0.677460146432052,2.5942203777160753,0
2.208051328684015,4.146013919124883,1.3462555465126194,0.4791861966960177,0.6345160147133567,0.5585366267162057,49.800000000000004,49.800000000000004,49.800000000000004,-3.552713678800501e-19,0.22961941110399456,-0.049081213207426984,3.2088087495237687,-3.8191672047105385e-18,0.4026105729277207,0.25688197615627856,5.027666852745186,-4.4408920985006264e-20,0.31196316338351815,-0.6479142374128007,2.5938380914226684,0
2.2082936284492325,4.2673622981367485,1.3516564297480647,0.5075452067030781,0.6226532605573695,0.543544259599016,49.800000000000004,49.800000000000004,49.800000000000004,5.995204332975846e-19,0.25760213684727035,-0.006757872430336561,2.9101396429092388,-8.171241461241152e-18,0.3876970828827235,0.19678855870427364,5.820394807934953,-2.6645352591003758e-18,0.2954403621430424,-0.7224634873382738,3.0280248495805386,0
2.200596666544978,4.325927152817548,1.3494268748583493,0.4807126880847106,0.6048704479470333,0.5397039756072244,49.800000000000004,49.800000000000004,49.800000000000004,1.820765760385257e-18,0.2310846884856283,-0.0808300938862277,2.726980074237387,2.9309887850104133e-18,0.36586825879964474,0.18149358546696717,5.154216354115102,5.329070518200751e-19,0.2912803812862434,-0.5916171359491434,2.714540187297324,0
2.203121628216673,3.779745019866368,1.3526607303421678,0.48906313452046063,0.6118468611092416,0.5415325486006634,49.800000000000004,49.800000000000004,49.800000000000004,-1.0658141036401502e-18,0.23918274954697819,-0.09237059478917024,3.074297654573404,-2.1316282072803004e-18,0.3743565814492315,0.12637295557881092,4.648096970952947,3.907985046680551e-18,0.29325750119392985,-0.6009990729996462,2.7178794816292475,0
2.195256162383751,4.203308943736301,1.3498709555728143,0.4850847631718083,0.616124953570376,0.5473618247016451,49.800000000000004,49.800000000000004,49.800000000000004,-6.039613253960851e-18,0.2353072274614494,-0.049589065210382956,3.2279658125529593,-6.9277916736609765e-18,0.379609958412098,0.11222266355416005,5.2110001860535125,-1.2434497875801753e-18,0.29960496714071444,-0.6570757655336524,2.9830423558429704,0
2.1902787430454467,4.290703309766224,1.3518925790569727,0.46246174629708,0.6149151644213163,0.5710234782042979,49.800000000000004,49.800000000000004,49.800000000000004,7.105427357601002e-19,0.2138708667881448,-0.10393425120030864,3.381594598425755,-6.3948846218409015e-18,0.37812065943529444,-0.05393517141392105,5.669342939524915,1.5099033134902128e-18,0.3260678126605343,-0.5921989938481904,2.1694656934265746,0
2.1630422572306727,3.1644675865543417,1.3580067354616638,0.4826615752562919,0.5915768073029579,0.5559901052499356,49.800000000000004,49.800000000000004,3.6,-1.6431300764452318e-18,0.23296219622888512,-0.10308711322413906,2.8197277093852797,1.9539925233402756e-18,0.349963118938761,-0.11156445123183896,3.3903579433785422,-8.881784197001253e-19,0.30912499713583447,-0.44654888692476896,1.8093832498799225,0
2.1935949780620816,4.273374461606485,1.3508503804172376,0.4975545839917371,0.6482382251569196,0.5662089646742057,49.800000000000004,49.800000000000004,3.6,1.7985612998927535e-18,0.24756056405119053,-0.10750921411335705,2.873872724591097,5.506706202140776e-18,0.4202127965545932,0.053388167575750003,4.53197157472552,-1.021405182655144e-18,0.32059259167743587,-0.6144754112707774,1.9758794282235206,0
2.1815328177767404,3.754789867432457,1.354426633103856,0.4961256279921033,0.5842119704123305,0.5343969617471365,49.800000000000004,49.800000000000004,3.6,-1.3322676295501879e-18,0.24614063875055886,-0.07442890154965356,3.1810651426509065,1.4210854715202004e-18,0.3413036263730577,0.27552059824197633,3.5203398077245778,-6.217248937900877e-19,0.2855801127245704,-0.606781402527104,2.6047511657575404,0
2.2064938651959127,3.0432906835905884,1.3826072697475866,0.5741489187861065,0.6233886684229426,0.5991546091537897,49.800000000000004,49.800000000000004,3.8000000000000003,-2.575717417130363e-18,0.3296469809432551,-0.04867937741136874,2.1731977425934126,0.0,0.3886134319181294,-0.09983538805823412,3.0108476726608426,-1.2434497875801753e-18,0.3589862456702305,-0.4782359015785001,1.8644812361056369,0
2.847873131584433,3.1333919017747096,1.143341220207816,0.6041224564791704,0.6163196292851111,0.600522196562379,2.6,4.2,21.200000000000003,8.526512829121201e-18,0.3649639424224271,0.025173093344967402,2.8269958782934754,-1.9539925233402756e-18,0.37984988544213677,-0.5159020708764106,4.275991629961005,-1.7763568394002505e-19,0.36062690856410456,-0.8079086944690858,1.897499716564,1
2.8317841150636736,2.9052825271695,1.1415432571182678,0.6104830524546435,0.6108820486077,0.6167155244184064,3.2,24.6,12.0,5.151434834260726e-18,0.37268955733433906,0.06800657721150959,3.1546951503773393,7.638334409421077e-18,0.3731768773111403,-0.5554422193621363,4.028097130916795,-1.0658141036401502e-18,0.38033803805866995,-0.941151491968503,2.2704147545931406,1
2.8284506218124554,3.1079688347070182,1.157318190243104,0.6102629229572778,0.6403205028134947,0.6139133781323082,23.200000000000003,14.200000000000001,12.8,0.0,0.3724208351363604,0.19232254176843816,2.920250586887196,-7.105427357601002e-19,0.41001034632332667,-0.6503778797646294,4.4037183013903265,6.572520305780927e-18,0.3768896358498224,-0.8591502436843361,2.1298804767369974,1
2.8326500048028436,2.4937880059509077,1.1577697940121263,0.6176226573689821,0.591301706351979,0.6154050274092019,8.6,4.2,0.4,-2.4868995751603506e-18,0.38145774689552314,0.05465869291072003,2.9294457727958854,1.4210854715202004e-18,0.349637707934762,-0.49625408882270816,3.517219012340979,4.263256414560601e-18,0.3787233477605206,-0.8072828020832515,1.9009834222672026,1
2.8279995562338365,2.953575026092099,1.13961634139534,0.6035876107310186,0.6097168538776333,0.6040906101646182,10.4,14.600000000000001,33.6,-6.750155989720952e-18,0.3643180038279797,-0.038481189497264014,3.3757002475590907,2.842170943040401e-18,0.37175464190243923,-0.5796811932957245,4.897915807591949,7.638334409421077e-18,0.36492546528906067,-0.9115122401138878,2.226715821623965,1
2.8234239627558564,2.6597455020746503,1.1355306886272072,0.6130333646825373,0.6042995622642446,0.6112648600272025,4.4,17.400000000000002,24.200000000000003,-1.2434497875801753e-18,0.37580990621399285,0.03097224566150211,3.1253126435328085,1.1723955140041653e-17,0.36517796095275773,-0.5851864637751429,3.8083030648744254,4.618527782440651e-18,0.3736447291040755,-0.8939020699359163,2.073206014878113,1
2.8181307384073273,3.380260319493695,1.152655297738988,0.631518614698951,0.6106558995808596,0.618087125082776,11.8,21.8,3.6,-2.4868995751603506e-18,0.39881576071128216,0.10326830125004646,3.2800005685356135,-3.730349362740526e-18,0.37290062769290894,-0.47422531696572945,4.049316759727013,7.993605777301127e-19,0.38203169419309113,-0.9154280087848651,2.0109720628193957,1
2.813470717732646,3.149876053394697,1.1540216270652557,0.6169065071870781,0.6217656386195572,0.6278824037007856,3.4000000000000004,11.4,6.2,5.151434834260726e-18,0.3805736386097604,0.04706124336467241,3.094122194913779,3.552713678800501e-19,0.3865925093679859,-0.5808471385740905,4.4546424756894645,-5.8619775700208265e-18,0.39423631287707633,-0.8916885152495576,1.9652820572421446,1
2.8213070239685223,2.7824423455947453,1.1509024634376925,0.5979303947089711,0.6152012172768466,0.605117242312483,14.0,19.200000000000003,40.2,-2.6645352591003758e-18,0.35752075691682605,0.05884451053120919,2.94224475480633,8.881784197001253e-19,0.3784725377389139,-0.44582451112748567,3.6912839316471553,-3.4638958368304882e-18,0.3661668769438642,-0.8055763562639213,1.8639276786873564,1
2.8410321202925912,3.68459427776492,1.159166255277005,0.6260705000972919,0.638896976733061,0.6177514243293436,2.4000000000000004,4.800000000000001,2.0,-1.7763568394002505e-19,0.39196427109207327,0.020423838160915617,2.9731208679071317,3.907985046680551e-18,0.4081893468786455,-0.6663380941442613,5.302139209649532,1.1723955140041653e-17,0.3816168222609328,-0.8668291006181735,2.023000923905524,1
2.8116845182594066,3.138930293699311,1.1565184726118811,0.6080425418347674,0.6296995483742309,0.6192885436050964,9.200000000000001,8.8,8.0,-3.907985046680551e-18,0.36971573268088487,0.015380500632421554,3.5736857410881733,-8.526512829121201e-18,0.39652152122271045,-0.5722941545720011,4.668169203809723,-4.973799150320701e-18,0.3835183002405214,-0.8618781862335996,1.9551098784633378,1
2.730698966503898,2.6860451069244995,1.149075487528464,0.6097435012315775,0.6182346012722747,0.617117264718116,5.2,18.6,10.200000000000001,5.684341886080802e-18,0.37178713729414276,0.01804786018892456,2.910049744581869,2.6645352591003758e-18,0.38221402221028844,-0.6398086252832478,4.179108482646618,2.1316282072803004e-18,0.3808337184131692,-0.8989169899710556,2.1877022233134245,1
2.8271238438187978,2.8053402497003206,1.1476737309541996,0.6256554076661269,0.6070888734974361,0.6117102175288428,15.200000000000001,2.0,2.0,-3.552713678800501e-18,0.3914446891418675,0.06613991881990261,2.8327641297744215,-1.7763568394002505e-18,0.36855690032438604,-0.5688921492567494,4.406562243544982,-1.4210854715202004e-17,0.37418939022918424,-0.8702201193398018,1.9969787138449515,1
2.807143594673277,2.7674700916523802,1.1532467632757615,0.617008783591109,0.6334816429514049,0.6090470494159432,6.4,1.2000000000000002,12.8,-3.8635761256955445e-18,0.38069983902858,-0.004869933642348216,2.9016222245256156,-2.1316282072803004e-18,0.40129899195641117,-0.6737429480599532,4.49993722566092,-8.615330671091215e-18,0.37093830840226644,-0.84788668524637,1.9225726380447457,1
2.814269992450129,2.984048187562927,1.1498127162827243,0.6086619209952664,0.610888317336341,0.6189371491053023,6.4,0.8,9.4,6.217248937900877e-19,0.3704693340696479,0.12943481527152015,2.689069776080193,6.750155989720952e-18,0.37318453625802606,-0.4009407832543307,3.52672532394615,8.526512829121201e-18,0.3830831945425992,-0.849225448767223,1.7979558735078323,1
2.8306656996600412,2.4756005483353865,1.1372997796407358,0.6089802215038792,0.5881511224074164,0.6060083482945224,4.0,29.400000000000002,34.2,8.881784197001253e-19,0.3708569101829137,0.11750988340942682,3.377947007374395,0.0,0.3459217427891037,-0.5576097875811776,3.875822619929642,3.552713678800501e-19,0.3672461182026552,-0.8420962916127812,1.884160809640501,1
2.829184752289364,3.3494042147091303,1.1489115368554812,0.6185642686331271,0.6165928892983437,0.6139706761423713,4.6000000000000005,0.4,0.4,-2.4868995751603506e-18,0.3826217544296354,-0.07322148513556649,2.954998570571246,6.3948846218409015e-18,0.38018679113327947,-0.47447511216734894,4.3100225974536475,-1.3500311979441904e-17,0.37695999116272066,-0.907704825575217,2.0965130207023988,1
2.6789900606992405,2.805247872215664,1.4631643238440064,0.5649410326534587,0.5411969194967888,0.5400041386126545,49.800000000000004,49.800000000000004,49.800000000000004,3.552713678800501e-19,0.3191583703755563,0.15163560100892978,2.6008299933589134,2.3092638912203255e-18,0.2928941056728137,0.09990343351178307,2.9001613142051887,7.105427357601002e-19,0.291604469718795,-1.081471437486711,4.14720023500988,1
2.7878640291763506,2.8589468278015127,1.4651821216979917,0.6011107606716283,0.5790878888304487,0.5732625766494404,49.800000000000004,49.800000000000004,49.800000000000004,2.1316282072803004e-18,0.3613341465952235,0.24843741659279214,2.8014564002072397,3.1974423109204507e-18,0.3353427829901061,-0.015187353070290057,2.559496711453007,2.3980817331903383e-18,0.3286299817867555,-1.1415657688880152,4.331115273351542,1
2.9072122788380326,2.9377930672284647,1.4664276073046225,0.612874614510046,0.5613666502912983,0.5896347435095832,49.800000000000004,49.800000000000004,49.800000000000004,9.769962616701378e-19,0.3756152931108374,0.26589948696213017,2.266631764857757,0.0,0.3151325160592727,0.15655536004478998,2.5885489300739577,-6.661338147750939e-20,0.34766913075361205,-1.0920189963532978,3.815743590307089,1
2.9346980027292258,2.575978160485631,1.4635143917761435,0.5781723978190237,0.5366220530486409,0.5418696372846324,49.800000000000004,49.800000000000004,49.800000000000004,9.769962616701378e-19,0.3342833215997994,0.3559587565542985,2.597240839136912,2.3092638912203255e-18,0.28796322781813827,0.04083683892557124,2.4490975527236607,2.6645352591003755e-19,0.2936227038109791,-1.0490947457419544,3.831000245280264,1
2.9635239275832865,2.7119697514077092,1.4719955245163168,0.6104610069146215,0.6003779544572716,0.5864634970639049,49.800000000000004,49.800000000000004,49.800000000000004,1.4210854715202004e-18,0.3726626409632135,0.3910020887477996,2.634170233202025,-5.329070518200751e-19,0.36045368819829765,0.04726800498492654,2.7061922731054784,-8.881784197001253e-20,0.34393943338842475,-0.9767986278569978,3.6220848096645666,1
2.79622549151046,2.751835972345546,1.4718402520544787,0.5773046938316392,0.6471360864858688,0.6033551264421866,49.800000000000004,49.800000000000004,49.800000000000004,-7.105427357601002e-19,0.3332807095200427,0.43732824770112827,2.6621755390620647,6.217248937900877e-19,0.418785114432246,-0.006478510173907931,1.9538831801431593,1.7541523789077475e-18,0.3640374086040669,-0.9889088715571513,3.356755808200637,1
2.9371879376098526,3.562576052358687,1.4734098734638605,0.598444204159047,0.6298567300414833,0.600969575062113,49.800000000000004,49.800000000000004,49.800000000000004,3.375077994860476e-18,0.3581354654915551,0.3175202366206783,2.7186314407944048,-3.1974423109204507e-18,0.3967195003785501,0.2270335816539039,2.42127336562585,-1.3322676295501879e-18,0.3611644301503367,-0.9860725414306892,3.505180139368748,1
2.9594512700662374,2.9828862330849852,1.4760238057127915,0.6200839281496932,0.6293492186128787,0.6080379748700507,49.800000000000004,49.800000000000004,49.800000000000004,-1.9095836023552693e-18,0.3845040779495538,0.39789346483001553,2.8773162416617266,1.7763568394002505e-19,0.3960804389686411,0.032960696735894614,2.3759324295896302,1.4210854715202004e-18,0.3697101788840725,-1.058464006035618,3.937186295723892,1
2.8978194290810384,3.473058214528518,1.4727142895940608,0.5966552815962213,0.6198703724385998,0.6143253215071339,49.800000000000004,49.800000000000004,49.800000000000004,9.414691248821328e-18,0.3559975250566661,0.26116298691563045,2.7784995562737898,-3.730349362740526e-18,0.3842392786271684,0.14496999557634152,2.347627763582512,-1.7763568394002505e-18,0.3773956006448435,-0.9850731157040407,3.3841652019753647,1
2.8780918211982893,3.102548977760882,1.471420669677851,0.5942630410687071,0.6101776007599898,0.6142309160628358,49.800000000000004,49.800000000000004,49.800000000000004,8.881784197001253e-20,0.3531485619802278,0.3279160686350788,2.75848809867811,1.7763568394002505e-18,0.37231670446921755,0.06809385245377769,2.261074118314659,4.75175454539567e-18,0.3772796182473903,-1.0430112336947492,3.5153579314467107,1
2.81096797881988,2.865373732739237,1.4656984607811738,0.5970042775624302,0.6118649156319802,0.5984630240592346,49.800000000000004,49.800000000000004,49.800000000000004,7.993605777301127e-19,0.35641410742783924,0.1570886961121769,2.566415198384755,-3.907985046680551e-18,0.3743786749813302,0.13086529075596293,2.316115969899876,-6.217248937900877e-19,0.35815799116612396,-0.9313682020970119,3.0893860241318682,1
2.9476688106765323,2.8023449551153226,1.470975281724967,0.5823744451085018,0.6188639839032662,0.5937829534575818,49.800000000000004,49.800000000000004,49.800000000000004,8.881784197001253e-20,0.33915999431543536,0.375432609084083,3.05170966231063,2.575717417130363e-18,0.38299263057262223,0.0896507167511347,2.116059052382939,7.993605777301127e-19,0.35257819581680877,-1.075723726327481,3.9652554376127176,1
2.9439752013323686,2.7859418481493017,1.4719211756995028,0.576919544658876,0.6142206340508289,0.6041669455887506,49.800000000000004,49.800000000000004,49.800000000000004,3.4638958368304882e-18,0.3328361610094048,0.2397702339571011,3.082574866555002,1.5543122344752192e-18,0.37726698729380226,0.08092103614788676,2.372910080784755,-1.2878587085651815e-18,0.3650176981420404,-0.9630425417217823,3.5199833948590875,1
2.924677462036228,2.6255167755524322,1.4696978136775478,0.6057483269310497,0.5955844402078976,0.6169331995656702,49.800000000000004,49.800000000000004,49.800000000000004,-5.773159728050814e-18,0.3669310355797659,0.2665533082617604,2.834058710270744,3.0198066269804256e-18,0.35472082541775474,0.14415437601447326,2.288287605785853,1.5543122344752192e-18,0.380606572726335,-1.1017760506142067,3.8146652351301116,1
2.9572215777239674,2.624983977997869,1.469737989624831,0.5885143760479704,0.6108423168661109,0.6139666147661328,49.800000000000004,49.800000000000004,49.800000000000004,1.7763568394002505e-18,0.34634917081513195,0.24152921700852023,2.573492341717218,1.9539925233402756e-18,0.37312833607435825,0.14315908256114537,2.244267430500729,2.6645352591003755e-19,0.37695500404738497,-1.0223101043522371,3.2753288807345644,1
2.8600842914544278,2.7214474647878015,1.4693764055701541,0.6091712281180279,0.6118857459848136,0.6239150291169375,49.800000000000004,19.200000000000003,49.800000000000004,2.4868995751603506e-18,0.37108958516682644,0.2951695468726253,2.44030134896306,1.820765760385257e-18,0.37440416613939187,0.1908768154196216,2.386941515976435,1.0658141036401502e-18,0.38926996355798904,-1.0801030608534194,3.557093578592915,1
2.931028663112638,2.9985408453591527,1.4665002805766334,0.6267017670272804,0.6362985640640184,0.6314706398568949,49.800000000000004,49.800000000000004,49.800000000000004,1.9095836023552693e-18,0.3927551047951157,0.33193319849161196,2.863058768187079,6.750155989720952e-18,0.40487586262993175,0.15002198805833397,2.292793047042127,-3.907985046680551e-18,0.3987551690012762,-1.058584875830373,3.5579158308961,1
2.9436925208684537,3.162134555464987,1.4774268314399452,0.6708390545763175,0.6064045322470224,0.6391965313566139,49.800000000000004,49.800000000000004,49.800000000000004,-1.0658141036401502e-18,0.4500250371448475,0.33819633158653767,2.595614801713939,-1.5987211554602254e-18,0.36772645672973003,0.17645853064399636,2.5131621478261064,5.329070518200751e-19,0.4085722056983267,-1.1630371203944692,3.7670497236475216,1
2.792503899070058,3.27572771347197,1.4713926185063588,0.6357284022590071,0.6179621194117709,0.6290005466366045,49.800000000000004,49.800000000000004,49.800000000000004,-8.881784197001253e-19,0.40415060143878995,0.31329978378366335,2.257380828676631,-7.105427357601002e-19,0.38187718102788787,0.18523455104619976,2.2402885492306845,-8.881784197001253e-19,0.3956416876691473,-1.0819486698691412,3.3624772411511774,1
2.955561094831672,2.587774007363311,1.4701109663200413,0.6336600927057932,0.6101689344869894,0.6376172380583252,49.800000000000004,49.800000000000004,49.800000000000004,1.2434497875801753e-18,0.4015251130879144,0.2800871126231169,2.640645506960949,-8.393286066166184e-18,0.37230612861298795,0.16153135782352435,1.9583588328286652,1.1990408665951691e-18,0.4065557422691269,-1.1181083325260326,3.4750396395237724,1
2.9322949586598837,3.501653325250144,1.4723184121496313,0.655818503139807,0.6312250972369466,0.6582862214602877,49.800000000000004,49.800000000000004,49.800000000000004,1.0658141036401502e-18,0.43009790906053713,0.2659431339082222,2.6483142758229086,7.105427357601002e-19,0.3984451233817927,0.08674865907633086,2.521985101335938,8.881784197001253e-20,0.43334074936446293,-1.1864025117857833,3.8465953874194305,1
2.8910987636178103,2.7892632555782346,1.4750647733434001,0.6225574341252635,0.6074274439070472,0.6251723521782359,49.800000000000004,49.800000000000004,49.800000000000004,1.9539925233402756e-18,0.3875777587846319,0.3333433543135544,2.7894010412143215,-8.348877145181178e-18,0.3689680996114489,0.0787049694994212,2.233541061627271,1.4210854715202004e-18,0.39084046992806815,-1.095400288074513,3.6262109361317982,1
2.949345513950859,3.1006607343315977,1.4734211586187294,0.6196385725935954,0.6484421166289793,0.6309726732543337,49.800000000000004,49.800000000000004,49.800000000000004,1.0658141036401502e-18,0.3839519606458284,0.279174956982472,2.7047813354904493,1.0658141036401502e-18,0.4204771786182708,0.08822826199695011,2.187838210499126,1.2434497875801753e-18,0.3981265143937201,-1.110775041104122,3.7711755270539467,1
2.9397317339194817,3.1579610491448373,1.4765741653207967,0.6461217666902671,0.6601578863746823,0.6531526392693799,49.800000000000004,49.800000000000004,49.800000000000004,1.021405182655144e-18,0.41747333739095194,0.3569631873900396,2.518183151249863,-4.7961634663806765e-18,0.43580843494268795,0.15621495187558238,2.5346828253671765,-5.329070518200751e-19,0.4266083701845568,-1.1641280886055367,3.885800001889489,1
2.946475183812702,2.9111875415890824,1.4796622461699325,0.6127764482856705,0.6418092854717559,0.6439908205468722,49.800000000000004,49.800000000000004,49.800000000000004,-5.218048215738236e-19,0.375494975573601,0.32566958774565724,2.828418994597296,-1.4210854715202004e-18,0.41191915891776587,0.08049122998388611,2.1873381578171003,2.6645352591003758e-18,0.4147241769486337,-1.026122270698562,3.140190079856475,1
2.84653870589581,3.4013052394623267,1.4751347894447933,0.6631424849089613,0.7113705605657259,0.651761526292662,49.800000000000004,19.6,49.6,-1.7763568394002505e-18,0.43975795529123196,0.1591314028254269,2.1763083974552284,5.151434834260726e-18,0.5060480744395951,0.09751820835494904,2.205329130971305,-4.440892098500626e-18,0.42479308715534037,-1.0456761377077015,3.4060783068581166,1
2.999334668499812,3.455010492207754,1.522663269129148,0.6606049541284958,0.7141227161898014,0.6407657480006498,49.800000000000004,49.800000000000004,49.800000000000004,-5.684341886080802e-18,0.4363989054191121,0.10894314174811613,2.20585268277386,-3.1086244689504384e-18,0.5099712537782997,0.1115030381327232,2.419007782985905,-2.1316282072803004e-18,0.41058074381083226,-0.6222675040473933,1.9457878638537158,1
2.9361993070947703,3.4120953380138515,1.5111257323043523,0.6740640586775778,0.6803887790764251,0.6460712383051042,49.800000000000004,27.6,49.800000000000004,-1.9539925233402756e-18,0.454362355200889,0.028124765500121916,2.1209430973374257,-1.4210854715202004e-18,0.4629288906931084,-0.040337197063842145,2.315569538273312,6.217248937900877e-19,0.41740804496509065,-0.6134699960533004,2.0962827412499,1
2.766561110877825,2.93150428666196,1.5179327741210533,0.6327299807430908,0.6718408606075287,0.6299611114524936,49.800000000000004,49.800000000000004,49.800000000000004,-1.0658141036401502e-18,0.40034722853115207,0.18532820079659365,2.0161620509643683,1.865174681370263e-18,0.4513701419818648,0.04234213362472722,2.475674400048188,1.7763568394002505e-18,0.39685100194246103,-0.5575627506234627,1.9432769135332721,1
2.9941590669768567,3.0968777901104128,1.5024966342676518,0.6072590264938961,0.6505912731642525,0.5917557483216135,49.800000000000004,49.800000000000004,49.800000000000004,4.884981308350689e-19,0.36876352525831435,0.1881645299330925,2.1455470379957156,2.4868995751603506e-18,0.423269004717483,0.06441932705710748,2.2965200364215175,-2.2648549702353195e-18,0.3501748656716727,-0.5707889854721588,2.0662659573806392,1
2.9549716502147554,3.8435801332233224,1.4989946966682874,0.6280035069287936,0.6691576336756897,0.5902253371024726,49.800000000000004,19.6,49.800000000000004,-8.881784197001253e-19,0.39438840471486336,0.3223440097748874,2.5496146897557415,2.842170943040401e-18,0.4477719387064485,0.2281338728755413,2.4974659075229733,-7.105427357601002e-19,0.34836594855772746,-0.6654572085874877,2.1954351338166083,1
2.965476504854903,3.2218103533873563,1.5029419862035218,0.6243133100130612,0.6508843913780478,0.6200003661702471,49.800000000000004,49.800000000000004,49.800000000000004,-4.707345624410664e-18,0.38976710905946466,0.3595699822392149,2.7099152589217796,1.0658141036401502e-18,0.4236504909395717,0.1965076094127429,2.751773850031869,4.7961634663806765e-18,0.38440045405124046,-0.806986083144099,2.5725246188979405,1
2.9781683950598117,3.298506682935329,1.4998868056631884,0.6227410481845769,0.6341098344207774,0.62897999242355,49.800000000000004,19.6,49.800000000000004,1.5099033134902128e-18,0.3878064130940255,0.15940969753425457,2.441986605749081,3.552713678800501e-18,0.40209528210914575,0.07607026157753576,2.9323252514395124,-1.0658141036401502e-18,0.395615830869129,-0.9075864317117239,2.8889153053506185,1
2.996998027612568,3.0563073388655564,1.4997290663532388,0.6443121561517935,0.6287270533765547,0.6104897201979892,49.800000000000004,49.800000000000004,49.800000000000004,-1.0658141036401502e-18,0.41513815456497305,0.36459139539483826,2.5722232837410406,-5.329070518200751e-19,0.39529770764756494,0.15344629268162607,2.6823625991304647,4.884981308350689e-19,0.3726976984674191,-0.7340176436469952,2.330903090797664,1
2.839796708105222,3.2406304041555303,1.494687294236826,0.6245159538632737,0.6319398878480236,0.6208832560945297,49.800000000000004,49.800000000000004,49.800000000000004,-2.0872192862952944e-18,0.3900201766297547,0.2655811504434138,2.27761776617258,-4.440892098500626e-18,0.39934802185337265,0.16673188142654793,2.713576464481334,0.0,0.38549601769854536,-0.8484748330357664,2.564593119176595,1
3.0018759665017565,2.7919400405699357,1.4966508367353397,0.6131925957113719,0.5790348216107866,0.6300582409068548,49.800000000000004,49.800000000000004,49.800000000000004,-6.217248937900877e-19,0.37600515943525,0.3347901743882287,2.6028611853781696,8.881784197001253e-20,0.3352813246378354,0.16370293722297855,2.544368019647833,-1.2878587085651815e-18,0.39697338693464035,-0.9300548852392942,3.073150108151883,1
2.97837893579021,3.1905494803934262,1.4931532348445438,0.5960705934641722,0.6012839677931185,0.6072246418491101,49.800000000000004,49.800000000000004,49.800000000000004,2.3092638912203255e-18,0.35530015239273044,0.3248037531929413,2.5351975946102163,-1.5987211554602254e-18,0.361542409925036,0.1968863024590762,2.7153607051057405,0.0,0.36872176566877995,-0.8586002541736742,2.607661688843237,1
2.8062283990600134,3.048861832857835,1.4964052238645014,0.5882690253423867,0.556307101668191,0.6132619201878357,49.800000000000004,49.800000000000004,49.800000000000004,-1.4210854715202004e-18,0.34606044617728154,0.26485570937895636,2.9474282674793617,7.105427357601002e-19,0.30947759136646297,0.0947075803931744,2.5655804935513817,-1.9539925233402756e-18,0.37609018275247125,-0.8517813116688563,2.6166632666325373,1
2.9126956004385334,2.987072839333848,1.4915731316211052,0.5779185562692704,0.5648372048662399,0.6161397044745649,49.800000000000004,19.6,49.800000000000004,8.881784197001253e-19,0.3339898576803578,0.23890291202697309,2.6166434717811704,0.0,0.3190410680011066,0.11395427314821749,2.4478951898684684,9.325873406851314e-19,0.3796281354300042,-0.822320124618376,2.3558857394719466,1
2.859143064325532,2.836678901204187,1.4951154844307553,0.5767857982529325,0.5641834848876411,0.5952279467638926,49.800000000000004,19.6,49.800000000000004,-2.842170943040401e-18,0.33268185706627257,0.2010346524748994,2.731342811225942,-1.0658141036401502e-18,0.31830300461996314,0.11441123750695176,2.5404630615918213,2.220446049250313e-18,0.35429630860875927,-0.7817696562914578,2.1843123191543743,1
2.8027653078834835,2.994635587086599,1.493490867818342,0.6094837847292736,0.5744434520226124,0.615660913284521,49.800000000000004,19.6,49.800000000000004,9.547918011776346e-19,0.3714704838479194,0.21265087151198256,2.5790855271402053,-1.0658141036401502e-18,0.3299852795716554,0.13000502434137562,2.8284182599754546,1.9984014443252816e-18,0.37903836014633047,-0.8907571145935764,2.5420078017372516,1
2.7652783798355376,3.138669659536655,1.4985050343963662,0.6090125311106899,0.5725881239569961,0.6231722872717083,49.800000000000004,49.800000000000004,49.800000000000004,-2.4868995751603506e-18,0.37089626304984896,0.19473147376773742,2.599441866649668,-1.7763568394002505e-19,0.3278571596965923,-0.022174974017559516,2.8981399801931422,1.9095836023552693e-18,0.3883436996234525,-0.8164823142008324,2.4349914962295127,1
2.995168566120287,3.5643936363082505,1.4963705472791522,0.5604153841776919,0.5554741156389482,0.5990811534449751,49.800000000000004,49.800000000000004,49.800000000000004,-1.2434497875801753e-18,0.31406540282302997,0.12184319469638728,3.0507662183606126,-3.552713678800501e-19,0.3085514931448716,0.18160836781425202,3.2028724428063766,3.0198066269804256e-18,0.3588982284129618,-0.8266598762460502,2.6155916207563745,1
2.8194483350041772,2.9210384644733525,1.4945332810167704,0.5948533865997615,0.5651038302444802,0.5829232670525454,49.800000000000004,25.8,49.800000000000004,-2.842170943040401e-18,0.35385055154920536,0.21056085725128182,2.4901841892816794,3.2862601528904635e-18,0.3193423389569823,0.03225006798988097,2.461121261392477,3.1086244689504384e-18,0.3397995352712131,-0.7047862065047443,2.314713721139743,1
2.968476121866684,2.5994977888093826,1.497850328154223,0.6092602982156841,0.5620964410695326,0.5989893727168915,49.800000000000004,49.800000000000004,49.800000000000004,-7.105427357601002e-19,0.37119811098186434,0.17874057101337926,2.8413391432976987,1.7763568394002505e-18,0.3159524090630345,0.12701023772511946,2.781734337447406,1.5987211554602254e-18,0.35878826862777513,-0.7787257997272671,2.3145471650756466,1
2.8534510846404926,3.3107208489036117,1.4966112415365158,0.5759022008686956,0.5671553595998422,0.6300147182135722,49.800000000000004,49.800000000000004,49.800000000000004,-1.2434497875801753e-18,0.33166334496540745,0.15997846713807598,2.5729099243645477,-7.105427357601002e-19,0.32166520192282627,0.10162988831686179,2.9249558608487636,9.769962616701378e-19,0.39691854516572683,-0.8685410626845667,2.4236446241644503,1
2.591360503503138,3.454799933169797,1.4961863977617957,0.6287663866353237,0.6092947241110082,0.593827537078521,49.800000000000004,49.800000000000004,49.800000000000004,-8.881784197001253e-20,0.3953471689624414,-0.209000942606308,2.733943395132094,-1.2434497875801753e-18,0.37124006082950955,0.03869629935840929,3.034683193393411,-2.4868995751603506e-18,0.35263114379274224,-0.7784039473525969,2.393356749768828,1
2.9713798877883955,2.8598565243786043,1.5127117441217404,0.5987104640849404,0.6008615506359186,0.64042764822879,49.800000000000004,49.800000000000004,49.800000000000004,-1.7319479184152441e-18,0.3584542198048048,0.1457723203194115,2.238910599104554,-2.753353101070388e-18,0.36103460303260054,-0.013618907824104317,2.90111972506181,-1.1368683772161604e-17,0.4101475726158587,-0.4449082252836048,1.5094516474786026,1
2.9990467486404255,3.7154541520858695,1.496583136820608,0.5893966143009841,0.5963017902851008,0.6200447617648744,49.800000000000004,49.800000000000004,49.800000000000004,-2.6645352591003755e-19,0.347388368949463,0.22363147864457555,2.4452551043501662,-2.842170943040401e-18,0.3555758250972163,0.12049312056336982,2.968165144809827,4.440892098500626e-18,0.38445550659205985,-0.683958929248708,1.900144106197292,1
2.976845151998074,2.8488847915725177,1.501275843892928,0.6364351027220937,0.5865092720987074,0.6010268630219183,49.800000000000004,49.800000000000004,49.800000000000004,-2.1316282072803004e-18,0.4050496399768819,0.12178011664344855,2.7428136514280625,-3.375077994860476e-18,0.3439931262577556,0.0757902824234308,2.957692092782117,0.0,0.36123329007396776,-0.6803937351679771,2.345338878138012,1
2.6662632925172125,3.105765467760676,1.5015104256812548,0.5421491556201392,0.5862391760504139,0.6230309377523339,49.800000000000004,49.800000000000004,49.800000000000004,-3.8635761256955445e-18,0.2939257069396299,0.20423935600828502,2.404878028758648,1.7763568394002505e-18,0.3436763715362682,-0.06199320705067911,2.6085821750811133,3.1974423109204507e-18,0.38816754939655246,-0.7320035843657625,2.504944408112695,1
2.5705962713880783,3.7445760177560437,1.4961015175347991,0.5888132075229814,0.6325527788599071,0.5839283011959806,49.800000000000004,49.800000000000004,49.800000000000004,-2.6645352591003755e-19,0.3467009933535015,-0.10504091053987544,2.266224069074429,-4.973799150320701e-18,0.40012301804339057,-0.0779916134751709,2.912683141831108,-2.1316282072803004e-18,0.34097226093762384,-0.5998582428351265,1.8994898568725356,1
2.8168709056924173,3.5558047381494347,1.4073517031301566,0.6324533433948863,0.6345904366677644,0.5721783657669416,49.800000000000004,49.800000000000004,49.800000000000004,-8.881784197001253e-20,0.39999723157137,-0.1243000706565173,2.1205347114545887,1.865174681370263e-18,0.4027050223101839,0.08753403903303725,2.7959558961277446,-1.3322676295501879e-18,0.32738808225172805,-0.5226030313767095,1.6453602238483374,1
2.7364569579238407,2.868472811620995,1.4213899074111904,0.6412571169999319,0.6230765323166814,0.6330613097313729,49.800000000000004,49.800000000000004,49.800000000000004,-4.107825191113079e-18,0.41121069010306444,-0.13446613393569404,2.1342857338689347,-6.750155989720952e-18,0.38822436512378045,-0.22481206709393775,3.028580874960788,-1.1990408665951691e-18,0.4007666218788012,-0.47056516336845494,1.3512407932428516,1
2.7004409931996234,3.385570153414445,1.4280672871412043,0.603592876897595,0.6152277588699653,0.614268965618243,49.800000000000004,49.800000000000004,49.800000000000004,-4.884981308350689e-19,0.3643243610415153,0.03836726547113371,2.1452139546532303,-3.1086244689504384e-18,0.37850519528416016,-0.005104594166698161,2.445457757571467,-8.881784197001253e-20,0.3773263621217061,-0.408518650303324,1.239383910652906,1
2.827512778330967,3.170828539263613,1.4248568890387812,0.5780277792586239,0.6221004326634274,0.6101052171637044,49.800000000000004,49.800000000000004,49.800000000000004,-3.552713678800501e-18,0.3341161135946565,0.20871982731203803,2.41348201428666,2.4868995751603506e-18,0.3870089483200236,0.10259650310602932,2.6098393268280695,-1.2434497875801753e-18,0.37222837601037084,-0.4655950298190788,1.6578479045895786,1
2.7613009881298396,2.9710835640269493,1.413424476551214,0.6034950794927358,0.6403483276444781,0.6213659161790122,49.800000000000004,19.8,49.800000000000004,4.7961634663806765e-18,0.3642063109719436,0.023846155338742295,2.4454828775359374,4.218847493575595e-18,0.41004598071707987,0.02405421533825517,2.4609707688880746,-5.3290705182007515e-18,0.38609560178898317,-0.6361223749586221,1.6518930849402969,1
2.70495660946082,3.0512914491975773,1.413236366003277,0.5995369180894478,0.6401594349100879,0.6174029168079672,49.800000000000004,49.800000000000004,49.800000000000004,2.6201263381153694e-18,0.35944451615219314,0.08397593560834792,2.118678692419298,-5.151434834260726e-18,0.40980410210440305,-0.0488519476606897,2.6479130165285722,-2.531308496145357e-18,0.3811863616829857,-0.6101006779262862,1.7988558792507572,1
2.828048775788305,3.314527027495662,1.4113494762011158,0.6059132031795262,0.6352271543248853,0.606715127130708,49.800000000000004,49.800000000000004,49.800000000000004,1.7763568394002505e-18,0.36713080978727386,0.05301566030783118,2.648951097893562,-4.440892098500626e-19,0.4035135375916917,0.11121173625885236,2.4865840066469485,1.4210854715202004e-18,0.3681032454892312,-0.5843249775167911,1.7415360891372815,1
2.827971111841049,3.0305077690301485,1.4281017953113653,0.6393510479676114,0.6496437079605006,0.6375918269230297,49.800000000000004,49.800000000000004,49.800000000000004,-1.9984014443252817e-19,0.4087697625372829,0.020741155744678042,2.549608688066362,1.7763568394002505e-19,0.4220369472926683,0.012183514103141333,2.590937815492679,-1.2434497875801753e-18,0.4065233377590467,-0.5478960721894421,1.5564713965306272,1
2.761888184494683,3.562199203747988,1.4164583737237,0.6265507780383,0.6372853764220447,0.6080379759243296,49.800000000000004,49.800000000000004,49.800000000000004,-1.0658141036401502e-18,0.392565877460399,0.02703417063610928,2.344313637848229,-1.9539925233402756e-18,0.40613265100138723,-0.08587027864573454,2.676344525363053,-4.884981308350689e-19,0.36971018016615564,-0.5677314762469947,1.7066683798048077,1
2.7577987346637496,2.9234256479777443,1.425110111700474,0.6302410788352962,0.6159553434903482,0.6146475273713464,49.800000000000004,49.800000000000004,49.800000000000004,3.064215547965432e-18,0.39720381745147804,0.07699014787463133,2.286307580064511,3.730349362740526e-18,0.37940098517431287,-0.0599201475856219,2.4406762863912927,-3.1974423109204507e-18,0.37779158290371007,-0.5105418183908258,1.6560715843387372,1
2.7533259919485418,3.227880788700312,1.4256125836374054,0.6027408866154463,0.6066271782397826,0.6426267335903415,49.800000000000004,49.800000000000004,49.800000000000004,-6.661338147750939e-19,0.36329657639797436,0.18671072354155058,2.6924611832245757,2.6645352591003758e-18,0.367996533379161,0.03144641831880625,2.762628274593389,-3.552713678800501e-19,0.4129691187249917,-0.7145165331706033,2.228232057262013,1
2.6636369778357945,3.1431205119307837,1.4112316913313683,0.6021930683933802,0.6110321252020956,0.5963295186450537,49.800000000000004,49.800000000000004,49.800000000000004,6.661338147750939e-19,0.3626364916210343,0.08675152048710316,2.409789519755763,-1.5987211554602254e-18,0.37336025802898937,0.04260125875375749,2.6409738818784687,1.6431300764452318e-18,0.35560889480744146,-0.6152072923878797,1.802990203981758,1
2.6824798458329715,2.97289509779349,1.4042821993696974,0.5801208494525063,0.609907597182023,0.5660286122340583,49.800000000000004,49.800000000000004,49.800000000000004,2.6645352591003758e-18,0.33654019996949747,0.09266583979163237,2.2068796248348406,1.4654943925052066e-18,0.3719872771003489,0.013822388008983938,2.343991201594357,0.0,0.3203883898676139,-0.6328675031399564,1.9309235307143133,1
2.6716490477867123,2.9649775040180795,1.4085687095433652,0.6176195489032027,0.6099670440632474,0.5880644540689344,49.800000000000004,49.800000000000004,49.800000000000004,-1.0658141036401502e-18,0.3814539071873955,-0.015052603530368478,2.2838755389146446,-7.105427357601002e-18,0.37205979484325563,-0.03527264097569587,2.610169202311475,5.329070518200751e-19,0.3458198021393938,-0.5948612910310003,1.777177256798395,1
2.459168988117169,2.8509529418302506,1.418549343007796,0.5704584034330987,0.6099077246675159,0.6031800312194477,49.800000000000004,49.800000000000004,49.800000000000004,-4.440892098500626e-18,0.32542279004744007,-0.06327841570407507,2.0670031134356917,-2.1316282072803004e-18,0.37198743260910627,0.06566469611018547,2.5751074202241337,4.8849813083506885e-18,0.363826150061894,-0.5774342379706978,1.708577214535679,1
2.452500070517059,2.625407246445285,1.4194927677942242,0.6078427940344174,0.6024122073548122,0.6010554924120756,49.800000000000004,49.800000000000004,49.800000000000004,-4.440892098500626e-18,0.36947286225956716,0.08512591244507373,2.0238372632575237,-2.753353101070388e-18,0.3629004675700972,0.13175458819520092,1.9796556319011804,1.0658141036401502e-18,0.3612677049587226,-0.5201720134550197,1.7165480929313208,1
2.743305868686245,3.171877849353713,1.4263686614548174,0.5806305012813492,0.6094602809202208,0.6225805275599214,49.800000000000004,49.800000000000004,49.800000000000004,-4.973799150320701e-18,0.3371317790182308,0.12573910925001325,2.6727157877210335,3.1974423109204507e-18,0.3714418340193544,0.05754067639150117,2.616728669368685,-4.7961634663806765e-18,0.3876065132967901,-0.6681200604682025,2.117505258618994,1
2.641972439331271,3.2923144985864483,1.4168090893714553,0.6087236077670468,0.5948983220027945,0.5986603592698375,49.800000000000004,49.800000000000004,49.800000000000004,7.105427357601002e-19,0.37054443065292947,0.04436593051762706,2.031681776203624,-6.661338147750939e-18,0.35390401352174056,0.041281536546500436,2.715073887581644,-2.575717417130363e-18,0.358394225761091,-0.5965716070883589,1.8618826348879054,1
2.794204192361379,2.915802515679905,1.4165386573989223,0.6410555017981118,0.6144829905487122,0.6139234820854437,49.800000000000004,49.800000000000004,49.800000000000004,2.0872192862952944e-18,0.4109521563856289,0.042140588651779776,2.2599940859583807,-3.907985046680551e-18,0.3775893456736888,-0.11543555086849006,2.563341139159288,-7.105427357601002e-19,0.376902041855916,-0.7336629983499794,2.343946513131325,1
2.79929086292943,2.992957397462982,1.4239980240000474,0.6334916192470997,0.5952333058436479,0.6125779208589743,49.800000000000004,49.800000000000004,49.800000000000004,4.662936703425657e-19,0.4013116316563124,-0.03873400174208861,1.8683157161435906,1.3322676295501879e-18,0.3543026883855576,-0.09774506920458662,2.435245260821328,4.973799150320701e-18,0.3752517091239039,-0.6647624609336563,2.033508480787181,1
2.7755041138239274,3.261709374274877,1.421112849197212,0.6502018597568784,0.6000860453894155,0.6053985817258687,49.800000000000004,19.6,49.800000000000004,7.105427357601002e-19,0.4227624584313033,0.12602622930073495,2.102015370698547,-3.907985046680551e-18,0.3601032618711076,0.12262438503984127,2.9317483209859594,3.1086244689504384e-18,0.3665074427556933,-0.4800030062782735,1.656361727953203,1
2.773034769812028,3.1594871285793227,1.4295429198311336,0.6311095016613686,0.5835917063774657,0.6246375521170271,49.800000000000004,49.800000000000004,49.800000000000004,5.329070518200751e-19,0.39829920308726097,0.19027813782989977,1.8229220340876617,7.993605777301126e-18,0.34057927975256214,0.052650969101958614,2.6313164381534664,3.552713678800501e-19,0.3901720715147518,-0.5795714948509174,1.8955347258072308,1
2.806722085354472,2.620355531655056,1.4216239828979658,0.7077867890428363,0.5699000470344462,0.6005815411874084,49.800000000000004,49.800000000000004,49.800000000000004,4.440892098500626e-19,0.5009621387435684,-0.05519256641877266,1.8374213744386356,5.329070518200751e-19,0.324786063609864,-0.10687921798963924,2.645427284904015,-6.705747068735946e-18,0.3606981876150427,-0.5287646902437487,1.9015921666105768,1
2.4406499380292783,3.1617336580762614,1.4347505810129322,0.6157471068580447,0.6115218173615917,0.6312751016392768,49.800000000000004,49.800000000000004,49.800000000000004,4.7961634663806765e-18,0.3791444996040523,-0.01419313367159809,1.8075109112773884,3.552713678800501e-19,0.3739589331092239,-0.10245912030305881,2.5078961303894376,1.865174681370263e-18,0.3985082539496792,-0.4932704387807049,1.5560108862798678,1
2.623758784756285,2.939368572352875,1.4287061865590955,0.5651853878472266,0.590114368155601,0.6380576309538648,49.800000000000004,19.6,49.800000000000004,-7.105427357601002e-19,0.31943452263602,0.21068009324788228,2.7183072598852727,-1.4210854715202004e-18,0.3482349675036842,-0.05599455828893841,3.0500861915785533,-4.440892098500626e-19,0.4071175404184584,-0.5626972156752665,1.7677178260329125,1
2.577606819646693,2.8931464081761855,1.4363948721765212,0.5682617069505508,0.5699975268996048,0.614564137648978,49.800000000000004,49.800000000000004,3.6,-3.0198066269804256e-18,0.3229213675863537,0.1297337314188698,1.915364727420732,2.6645352591003758e-18,0.3248971806716657,-0.029989618228463702,3.066345127554359,-3.996802888650563e-18,0.37768907928423195,-0.479405511942695,1.6361048183675733,1
2.3993988683964393,3.096934601314423,1.4844547961228869,0.5608549503482363,0.58472039886858,0.5952287327900225,49.800000000000004,49.800000000000004,49.800000000000004,-2.4868995751603506e-18,0.31455827533012265,-0.018266221394551734,2.4197138668590696,7.105427357601002e-18,0.3418979448530312,-0.034831942024231545,2.6770045993264313,6.039613253960851e-18,0.3542972443388161,-0.44062211397757184,1.6947315830139251,1
2.62900006913892,3.578139375746445,1.4759550347262986,0.657878255877363,0.6257086755535473,0.597229992526506,49.800000000000004,49.800000000000004,49.800000000000004,1.865174681370263e-18,0.4328037995562412,0.0483414364225444,1.5821926549133707,-7.105427357601002e-19,0.3915113466629743,0.04499435642381218,2.9579015091436274,1.4210854715202004e-18,0.35668366397321044,-0.5046412427558012,1.949453728626576,1
2.610358620379188,3.605237805548155,1.4920902227057127,0.6943816322185782,0.6318483012723921,0.6174018650095123,49.800000000000004,27.0,3.6,8.881784197001253e-19,0.48216585116253674,0.03214284122714343,1.7479185025287176,-5.3290705182007515e-18,0.39923227582080756,-0.062105773952854784,3.041224178455219,3.552713678800501e-19,0.38118506291722415,-0.5583529725304082,2.007224713084115,1
2.5774285452380057,3.622157271146587,1.5048798358342723,0.6967134685809776,0.6223196853507387,0.664999837921042,49.6,27.0,3.6,3.064215547965432e-18,0.4854096573021369,0.02917652162412189,1.458863041581676,2.3092638912203255e-18,0.38728179077504243,-0.11332991365612075,3.1139902029586484,-1.4210854715202004e-18,0.44222478443501206,-0.6497353045559894,2.1260905145047824,1
2.627643772363372,2.804888637858889,1.5043523175450035,0.7064563095764954,0.628340890634809,0.6657625774285673,49.800000000000004,19.8,3.6,-9.769962616701378e-19,0.4990805173404412,-0.015520660173556059,2.099933640042358,-4.618527782440651e-18,0.39481227484374504,-0.04623294133855596,2.7689813367789204,-6.3948846218409015e-18,0.44323980950432895,-0.6808872152146108,2.1246597210131855,1
2.626934032628194,3.2380057432162688,1.5088810242195914,0.6885155386177364,0.6140674964047853,0.6595706985322797,49.800000000000004,49.800000000000004,3.6,-2.0095036745715335e-18,0.4740536469180717,-0.010417361720007191,2.2285471460289488,-1.3455903058456898e-17,0.37707889014084106,0.021599927905986954,3.273968769800775,5.684341886080802e-18,0.4350335063623594,-0.6289390896651996,2.01549511280873,1
2.6243093308586762,3.2358476949839465,1.506332742567805,0.6785026624324331,0.6250329054011852,0.6395954245963648,49.800000000000004,49.800000000000004,3.6,5.329070518200751e-19,0.46036586292790027,-0.004225370271640781,2.32780100193306,-1.1102230246251566e-19,0.39066613283424684,0.030913774358909633,3.1653525118732055,-2.6645352591003758e-18,0.40908230716460414,-0.5925927724267407,2.229445710285696,1
2.625749960080532,3.3108440457236146,1.5072178103036373,0.668636196995996,0.6029193175817746,0.638964847395949,49.800000000000004,49.800000000000004,3.6,3.730349362740526e-18,0.44707436393326827,-0.03634764446059103,2.3829733357401217,-2.6645352591003758e-18,0.3635117035132729,0.0038003130925577016,2.706730485096,5.3290705182007515e-18,0.40827607620772843,-0.5776876006335375,2.209174131038729,1
